-2.027406 -0.180340
-1.621336 -0.413069
-1.551582 -0.161569
-1.844084 0.233623
-1.656685 -0.566086
-1.887838 0.345213
-2.040102 0.226865
-2.110797 0.064066
-2.118974 0.602575
-1.994729 0.504487
-2.013442 -0.019189
-2.283429 0.245546
-1.745102 0.661860
-1.956943 0.675500
-1.849378 -0.568731
-1.787345 0.300770
-1.628525 -0.004510
-1.548126 0.446337
-2.004317 0.352461
-1.772577 0.759213
-1.455155 -0.368833
-2.108381 -0.498692
-2.017966 0.781912
-1.691396 0.099133
-1.751143 -0.104982
-1.831678 0.148304
-1.711228 -0.561945
-2.091856 -0.327452
-1.374005 -0.845720
-2.061517 0.501368
-1.936156 -0.403084
-1.836362 0.999618
-1.826540 -0.109522
-1.323631 -0.538197
-0.886486 -0.807281
-1.123913 -0.108282
-1.230898 0.254694
-1.472889 -0.830736
-1.731825 0.127508
-1.532730 -0.471035
-1.533865 -0.186873
-2.008925 0.390341
-1.586885 -0.229596
-1.691798 0.061469
-2.083070 0.524299
-1.790783 0.870536
-1.800999 0.661939
-2.177725 0.412329
-1.657159 -0.320630
-2.227956 -0.059710
-1.808915 -0.214465
-2.026371 0.477990
-1.560153 0.324691
-1.679651 -0.547605
-2.003035 0.302347
-2.192419 0.665872
-2.101459 0.238906
-1.868395 0.277131
-2.110404 0.656311
-2.011546 0.936574
-2.028833 0.569544
-1.646537 -0.552386
-1.592445 -0.786167
-2.301754 -0.080092
-1.872455 0.261933
-1.830244 -0.740975
-1.478827 -0.431081
-1.765701 -0.161085
-2.029469 -0.422147
-1.942613 0.116901
-1.952136 -0.535115
-1.677033 -0.341856
-1.724712 -0.571631
-1.554064 -0.063346
-1.835727 0.068720
-1.788108 -0.030911
-1.679302 -0.601203
-1.145281 -0.696667
-2.052090 -0.264357
-1.449108 -0.144548
-1.814164 0.655916
-1.851410 -0.545002
-2.123968 -0.169815
-1.404168 -0.533855
-1.588215 -0.010177
-2.030248 0.377902
-2.030352 -0.130941
-1.739198 -0.533090
-2.216091 0.377674
-1.543426 -0.008200
-1.842366 0.452081
-1.821936 0.492451
-1.846873 0.807409
-1.552041 -0.734327
-1.940877 -0.472592
-2.042841 -0.346270
-1.976602 -0.264450
-2.313550 0.204174
-1.931354 0.112056
-2.156261 0.588917
-1.716353 -0.123953
-1.680471 -0.586031
-0.986926 -0.188923
-0.765803 -0.038954
-1.282479 -0.429500
-1.557225 -0.195039
-1.806160 -0.015006
-1.551354 0.548157
-1.796377 -0.003370
-1.251380 -0.848328
-1.914737 -0.241411
-1.160512 -0.898752
-2.209429 -0.109616
-2.269952 0.309784
-1.935098 0.206795
-1.957855 0.546489
-1.830529 -0.620017
-1.549362 -0.844314
-2.255848 0.480600
-1.083204 -0.579050
-1.701772 -0.891737
-1.130934 0.568882
-1.578020 -0.168680
-2.085791 0.661026
-1.738383 -0.620402
-1.941542 -0.190623
-2.206012 0.567627
-1.765048 0.268969
-1.938476 0.134309
-1.199655 0.718912
-1.979431 0.558531
-2.085102 0.156642
-2.094123 -0.064307
-2.213862 0.598172
-2.086884 0.619219
-2.150276 0.224746
-1.973849 0.874287
-1.197960 -1.008010
-1.453762 -0.144550
-1.594208 -0.843042
-1.776949 -0.003815
-1.604551 -0.406516
-1.961687 -0.463556
-2.115578 -0.128302
-1.277427 -0.607468
-1.319626 0.571563
-1.842716 -0.422248
-1.593432 -0.981749
-1.634695 0.801866
-1.980563 0.421297
-1.924677 0.321615
-1.929547 0.237534
-2.056132 0.080840
-2.038331 0.552501
-1.535996 -0.812072
-2.012270 0.543217
-1.928818 0.214007
-1.296925 -0.486584
-1.693160 -0.438632
-1.863215 0.528117
-1.814675 -0.756593
-1.826928 0.113080
-1.843119 -0.058405
-1.950502 -0.329066
-2.090695 0.411536
-2.120754 0.136651
-1.652495 -0.352199
-2.063737 0.359683
-2.357139 0.277185
-2.160980 0.304219
-1.960287 0.754917
-2.188657 -0.095228
-2.132827 0.010759
-2.264444 -0.236432
-2.001151 0.818916
-2.092581 0.019733
-2.011163 0.320198
-2.260312 0.448986
-2.070381 0.906566
-2.029590 0.669287
-2.034920 -0.344038
-2.131334 0.504152
-2.138528 0.232709
-1.601949 0.125097
-2.080210 0.547214
-1.936188 -0.126615
-2.172063 0.472422
-1.847116 0.309325
-2.163689 0.135744
-2.142289 0.229014
-2.194412 0.253735
-2.035307 0.814139
-2.047124 0.165160
-2.103149 0.000870
-1.987821 -0.090627
-2.028170 -0.136426
-2.068856 0.563463
-2.153917 0.354685
-2.211589 0.179724
-1.992674 0.325514
-1.830202 0.402345
-1.942210 -0.089717
-2.016923 0.359192
-1.996825 -0.353291
-2.089502 0.196376
-1.779102 0.389943
-1.969508 0.379878
-2.146624 0.077766
-1.996886 0.693742
-2.010697 -0.424298
-2.081519 0.276445
-1.774350 0.760909
-2.127821 0.374012
-1.693607 0.321223
-1.951201 -0.265973
-2.045681 -0.132245
-1.693113 -0.128971
-1.743284 -0.147592
-1.596000 -0.186089
-1.659499 -0.835237
-1.872837 0.701071
-1.852230 -0.427811
-2.121057 0.165660
-1.964979 0.457539
-1.487559 -0.633989
-1.727611 -0.442879
-1.736844 -0.325336
-1.924586 -0.102910
-1.573674 -0.367623
-1.756649 -0.384210
-1.413701 -0.236532
-1.653964 -0.415613
-1.670560 -0.424142
-1.915588 0.089144
-1.568710 0.172654
-1.948346 0.132132
-1.847835 -0.317424
-1.998343 0.660939
-1.773303 -0.394932
-1.434655 0.281551
-1.902553 -0.398112
-2.041677 0.637920
-1.120936 -0.997197
-1.649351 -0.040523
-1.545414 -0.445319
-2.049188 0.381872
-0.691652 -0.709775
-1.885028 0.173426
-1.709987 -0.024923
-1.708438 -0.079142
-2.244119 0.303154
-1.572813 -0.603082
-1.789678 0.297393
-1.241732 -0.731342
-1.652950 -0.641625
-1.924286 0.634966
-1.880620 -0.316383
-1.985927 -0.153703
-1.288385 -0.574963
-1.221977 -0.142917
-1.329130 -0.449821
-1.952211 0.617244
-1.136962 -0.236557
-1.434245 -0.323502
-1.985531 -0.509499
-1.323736 -0.775629
-1.783718 -0.120637
-1.932036 0.419506
-2.127133 0.475404
-1.897593 -0.268440
-1.781408 -0.266030
-2.205200 -0.097075
-1.878805 0.050963
-1.735227 -0.507060
-2.056391 0.101332
-1.896917 0.682365
-1.889352 0.074167
-1.616537 -0.764116
-1.809285 0.183236
-1.541284 -0.891691
-1.671886 -0.536470
-1.818339 -0.644754
-1.994854 -0.000201
-1.663768 -0.182327
-2.213979 0.688292
-1.791991 0.288055
-1.838341 0.022872
-1.811494 -0.270001
-1.626689 -0.158903
-1.666266 0.036183
-1.657479 -0.465080
-1.860482 -0.071530
-1.993890 0.275358
-1.650501 -0.687873
-1.830339 -0.170581
-1.745144 -0.079035
-2.024465 0.210274
-2.002176 -0.229041
-1.615667 0.007358
-1.857480 -0.814132
-1.629036 -0.093895
-2.189069 0.327299
-1.911200 0.282762
-1.807384 -0.474431
-1.874333 0.404547
-2.028010 0.311559
-1.832224 -0.208208
-1.743420 0.022654
-1.433367 -0.634373
-1.919495 -0.447979
-1.922318 0.478326
-1.621754 -0.149074
-2.196572 -0.550693
-0.574733 -0.074532
-2.173373 0.003156
-2.264494 -0.142076
-2.074673 0.277168
-2.396425 0.001773
-1.749838 0.366556
-2.143838 0.552877
-1.687245 0.318568
-1.591415 -0.762372
-1.421618 -0.798038
-1.669591 0.640006
-1.410780 0.016007
-1.649612 -0.707098
-1.834515 -0.073493
-1.794023 -0.767345
-1.593989 -0.427865
-1.617264 -0.018513
-1.862144 -0.193994
-1.752652 -0.645772
-1.824077 -0.466991
-1.673084 0.421244
-1.360917 -0.141694
-1.367159 -0.313933
-1.875268 0.274508
-1.430390 -0.453780
-1.618220 -0.424018
-1.813172 0.727085
-1.457632 -0.035792
-1.475349 -0.639098
-1.598918 -0.173884
-1.965002 0.254472
-1.834946 0.265583
-1.944123 0.621086
-1.880712 -0.176317
-1.595179 -0.556009
-1.496266 -0.794979
-1.568147 -0.169956
-1.436355 -0.460778
-1.212304 0.247636
-1.269657 0.260295
-1.820862 -0.445870
-1.533522 -0.092398
-1.707816 -0.317012
-2.306311 0.403459
-1.435603 -0.235508
-1.797424 -0.275713
-1.674408 -0.429650
-1.706329 0.211449
-1.606807 -0.393170
-1.378116 -0.384157
-1.398194 -0.261075
-1.659615 -0.500624
-1.698497 -0.742837
-1.835802 -0.092928
-0.885727 -0.577944
-1.325023 -0.419999
-1.342988 -0.814713
-1.697101 -0.149419
-1.859345 0.252826
-1.396153 -0.690851
-1.253099 -0.131392
-1.045977 0.119889
-1.360304 -0.488530
-1.079220 -0.786170
-1.937548 -0.411572
-1.624444 -0.301014
-1.714598 -0.488396
-1.851917 0.535397
-1.920436 0.313745
-1.110910 -0.444842
-1.490775 -0.339788
-1.770741 -0.737333
-1.527022 0.055139
-1.817741 0.141431
-1.235270 -0.634951
-1.746896 -0.332318
-1.555996 0.677258
-1.396368 -0.364748
-1.739789 -0.767935
-1.734401 -0.606775
-1.694033 -0.693787
-1.249086 -0.673918
-1.473160 0.967025
-1.288537 -0.578232
-1.102829 -0.795061
-1.725105 -0.405363
-1.298812 -0.509029
-1.514551 0.111254
-1.816758 -0.644883
-1.814395 -0.120243
-1.875229 -0.005621
-1.781014 -0.557767
-1.252721 -0.320436
-1.300008 -0.224503
-2.334498 0.383039
-1.543662 -0.678636
-1.618254 0.065240
-1.549762 -0.179256
-1.314842 0.416728
-1.347025 -0.151727
-1.855517 0.561373
-1.424158 -0.544228
-1.834122 -0.089140
-1.657568 -0.389992
-1.759311 -0.324709
-1.937073 -0.140303
-1.906483 0.104100
-1.964969 -0.109900
-1.508587 -0.061986
-1.986870 -0.168605
-0.766090 -0.396929
-1.927497 0.642391
-1.519372 -0.224882
-2.191619 0.309227
-1.975062 0.699949
-2.070462 0.041899
-2.033495 0.259829
-1.891120 -0.340488
-1.890076 0.375419
-2.103142 0.326804
-2.019441 0.145966
-2.112427 0.131979
-1.864994 0.167106
-0.509040 -0.087723
-0.616233 0.163223
-0.489946 -0.317476
-0.931881 0.001293
-1.413693 -0.215705
-0.605160 -0.098032
-2.008370 0.354717
-1.485259 0.471093
-1.899547 0.410123
-1.377153 -0.164465
-1.894614 0.295048
-1.789374 -0.073522
-1.643303 -0.474889
-1.278584 -0.337145
-1.668091 -0.444141
-1.373930 -0.538072
-0.996192 -0.700766
-1.507591 -0.806374
-1.610897 0.014036
-1.162933 -0.539175
-0.890032 -0.535905
-1.720841 0.089901
-1.983629 -0.308413
-1.618642 0.176194
-1.877698 0.483720
-2.014792 0.325211
-2.070158 0.413618
-1.912817 0.285434
-1.841389 -0.383873
-1.913537 0.211912
-1.984279 0.165252
-1.683168 -0.654432
-1.936323 0.558940
-1.959673 -0.307841
-1.886416 -0.481295
-1.624783 -0.737639
-1.707979 0.485118
-2.188196 0.787938
-1.961833 0.830446
-1.477117 -0.562842
-1.773516 -0.023563
-2.069566 0.198809
-2.200078 0.377467
-2.227990 0.330741
-2.084287 0.599659
-2.092661 0.406922
-2.228538 0.319219
-2.147991 0.351991
-2.034823 -0.081730
-2.020214 -0.111697
-2.125864 0.198306
-2.073804 0.811974
-2.078112 0.484921
-2.057458 0.266142
-1.976540 0.114128
-1.970324 0.288124
-2.121073 0.486364
-2.064697 0.390743
-1.862663 -0.045317
-2.100304 -0.212782
-2.027159 0.183440
-2.142549 0.174755
-2.021719 0.419976
-1.977331 -0.198390
-1.758368 0.124343
-1.931052 0.086140
-1.902638 0.247388
-1.982136 0.516451
-2.079789 0.409118
-2.013609 0.312465
-1.934209 0.555493
-1.911566 0.405883
-2.039183 0.551791
-2.133296 0.304790
-2.220513 0.492790
-2.093354 0.766338
-2.236964 0.491206
-2.092364 0.673272
-2.208910 0.243790
-2.129790 0.145723
-1.869137 0.806241
-1.947937 0.573357
-2.147858 0.425722
-2.205569 -0.146190
-1.967326 0.458963
-1.939419 0.705601
-2.036486 0.327636
-2.100795 0.316225
-2.039870 0.645894
-1.937643 0.074539
-2.080718 0.168253
-2.205292 0.309347
-2.045793 0.509776
-2.064571 0.521219
-2.040307 0.119085
-1.743279 0.351642
-1.928444 0.223207
-1.791247 0.365941
-1.659731 -0.554550
-1.720598 0.347001
-1.959763 0.715277
-1.739071 -0.721377
-1.261478 -0.780731
-1.314644 -0.492999
-1.457014 -0.602034
-1.284105 -0.678681
-1.866626 0.555819
-1.636074 0.041486
-1.015771 -0.158910
-1.480538 -0.491514
-1.653843 0.562960
-1.192231 0.536981
-1.933915 -0.025939
-1.632208 -0.433806
-1.273844 -0.254691
-1.428762 -0.228298
-1.629374 -0.649837
-1.470725 -0.495307
-1.089725 -0.495764
-1.431317 0.548599
-1.783979 -0.033917
-1.836765 0.834876
-1.568495 -0.255396
-1.283994 -0.477796
-1.595917 -0.275768
-1.683302 -0.368171
-1.281776 -0.530336
-1.067370 -0.293448
-1.345970 -0.420756
-1.852068 -0.463814
-1.335217 0.003725
-1.874019 -0.485809
-1.483035 -0.409552
-1.584694 -0.061397
-1.236076 -0.372474
-1.481910 -0.294499
-1.590717 0.128610
-1.207577 -0.469897
-1.199517 -0.673223
-1.599738 -0.523254
-1.206016 -0.258006
-1.660680 -0.572789
-1.492667 -0.587470
-1.812406 0.398431
-1.690966 0.301398
-1.889291 0.471708
-1.575248 0.373440
-1.863195 0.209649
-1.356901 -0.515811
-1.324748 -0.536998
-1.862743 -0.175117
-1.972635 -0.318152
-2.066919 0.512237
-1.075050 -0.256041
-1.883105 -0.292526
-1.744951 0.157833
-1.871351 0.174594
-1.342793 0.251607
-1.507385 -0.633686
-1.906776 -0.159911
-1.651210 -0.743210
-1.173959 -0.411071
-0.383462 -0.214613
-1.283998 0.284707
-2.005604 0.135343
-1.951575 0.217158
-2.250271 0.353328
-2.102504 0.160452
-1.719650 0.269384
-2.132665 0.397630
-2.050097 0.326914
-2.016641 0.299704
-1.835472 -0.054053
-1.879049 0.380003
-2.138863 0.480704
-2.107923 0.097509
-2.195869 0.134889
-1.995800 0.022099
-2.112319 0.463784
-1.780186 0.632312
-1.935074 0.201251
-1.789537 0.218185
-1.609183 -0.443388
-1.582499 -0.307432
-1.689391 0.138987
-1.743173 -0.184624
-1.364513 -0.975689
-1.657171 -0.097992
-1.734926 -0.223290
-1.941543 0.311471
-1.719347 -0.624894
-1.759955 -0.212556
-1.846294 0.029788
-1.781582 -0.369620
-1.901321 0.508316
-2.034603 0.433602
-2.102717 0.131957
-1.832938 0.515563
-1.466973 0.466480
-1.713244 0.000125
-1.580391 0.392989
-2.018711 0.396120
-1.961756 0.471716
-1.568345 0.714116
-2.080363 0.733970
-1.884459 0.557633
-1.618113 0.048672
-1.905461 0.764192
-2.089253 0.192619
-2.040863 0.588209
-2.095527 0.849789
-2.136935 0.127272
-1.898847 0.329817
-1.901060 0.560837
-2.192840 0.046292
-1.977708 0.657056
-2.006668 0.771614
-2.168317 0.770108
-2.094722 0.063446
-2.040366 0.750948
-2.194769 0.398804
-1.820197 -0.214547
-2.140762 0.162893
-1.914396 -0.129399
-2.094568 0.593777
-1.786192 -0.413165
-2.130277 0.410712
-1.780279 0.806317
-1.498682 -0.167241
-1.259240 0.247526
-1.347112 -0.359343
-1.198295 0.305010
-0.905639 -0.290224
-1.607286 -0.197118
-1.803493 0.843628
-1.365632 -0.163659
-1.888619 0.047272
-1.576620 -0.103552
-1.784977 0.803945
-1.729491 -0.224710
-1.300891 0.023682
-1.354775 -0.791018
-1.631881 -0.008954
-1.316154 -0.761241
-1.115321 -0.725745
-1.328052 -0.549926
-1.323143 -0.390874
-1.991352 -0.261506
-1.729175 -0.486091
-1.910605 -0.120887
-1.043392 -0.776142
-0.906059 -0.486915
-1.539616 -0.660837
-1.792487 -0.144373
-1.917435 -0.187881
-1.844215 -0.717640
-1.846033 0.517838
-2.077705 0.361601
-1.583422 0.089907
-1.703029 -0.133790
-1.926892 0.014884
-1.729599 0.044078
-1.878034 -0.338900
-1.356596 0.160972
-2.033462 0.120128
-1.643257 0.240292
-1.856287 0.051567
-1.623935 -0.034092
-1.999224 0.217775
-1.330262 0.033330
-2.113443 0.200458
-1.836509 0.568081
-2.094119 0.345432
-1.903395 -0.086691
-1.425059 -0.073283
-1.711652 -0.085777
-1.806942 0.197518
-1.769206 0.229454
-1.715209 0.900408
-1.695742 -0.163944
-1.391263 -0.628671
-2.036010 0.459400
-1.307556 0.217306
-1.479749 -1.071149
-1.702888 -0.039177
-1.510733 -0.173398
-1.652270 -0.152390
-1.864456 0.017488
-1.445255 -0.433865
-1.415699 0.016693
-1.832038 -0.121181
-1.492372 -0.633636
-1.746258 -0.419259
-1.908796 0.298744
-1.601878 -0.641481
-1.850148 -0.369094
-1.845139 0.098865
-1.303722 -0.478392
-1.914375 -0.171815
-2.039754 0.092566
-1.591766 0.410349
-1.570193 -0.267616
-1.640061 -0.771499
-1.787664 -0.129305
-1.795818 0.175096
-1.899991 -0.701420
-1.094212 -0.208724
-1.839765 -0.028975
-2.082037 0.206958
-1.929354 -0.274592
-1.899481 0.035966
-1.568728 -0.761335
-1.624228 -0.644754
-2.006900 0.112167
-1.690485 -0.298585
-1.733425 -0.396626
-1.940410 0.361074
-1.689404 -0.508040
-1.713407 -0.576637
-1.484469 -0.729212
-1.559331 0.002634
-0.885957 -0.135829
-1.025149 -0.463484
-1.330741 -0.275266
-1.566958 -0.443881
-1.810437 -0.027302
-1.688669 -0.269386
-1.451602 -0.392550
-1.480479 -0.265696
-1.659490 0.309972
-1.160606 0.341122
-1.463970 -0.735173
-1.148169 -1.072371
-1.768413 0.574573
-1.380251 -0.154273
-1.693642 0.424214
-1.521888 0.727971
-1.592817 -0.738432
-1.389683 -0.587878
-1.755338 -0.519432
-0.765125 0.106962
-1.914914 0.186272
-1.324233 -0.672180
-1.588223 -0.133092
-1.709560 -0.469550
-1.489898 0.107826
-1.326277 -0.858848
-0.537889 -0.775370
-1.599983 -0.478378
-1.474843 0.203671
-1.709939 -0.069948
-0.979172 -0.406340
-1.809683 0.478828
-1.498930 -0.359255
-1.289156 -0.275592
-1.850033 0.746780
-1.971749 0.060509
-1.798716 -0.485508
-1.116197 -0.676146
-1.519692 -0.644994
-1.578257 -0.390803
-1.293007 0.145979
-1.693839 -0.061456
-1.515200 -0.386964
-1.439014 -0.349355
-1.396576 -0.727058
-1.321131 0.257289
-1.447710 -0.472857
-1.924270 0.167432
-1.910730 0.150227
-1.502503 -0.051695
-1.479771 -0.603683
-1.559805 -0.560995
-1.571231 -0.336475
-2.052887 0.167824
-1.525233 -0.554797
-1.993575 0.338641
-1.565152 0.044106
-1.641259 -0.645015
-1.169674 -0.273451
-1.429652 -0.244292
-1.444568 0.529423
-1.256936 -0.803992
-1.411088 -0.473827
-1.495439 -0.900449
-1.625319 0.162849
-1.512538 -0.104877
-1.370759 0.041720
-1.551843 -0.573235
-1.287784 -0.476802
-1.438637 -0.544587
-1.367196 -0.648795
-1.328673 -0.395462
-0.429726 0.028233
-1.311672 -0.049878
-1.286004 -0.327126
-1.573823 -0.482469
-1.167836 -0.466368
-2.017209 0.301276
-1.995530 0.297566
-1.990615 -0.080230
-1.466280 0.057500
-1.032467 -0.640965
-1.408423 -0.447410
-1.281701 -0.708576
-1.593574 -0.172410
-1.583714 0.107358
-1.725981 0.519561
-1.783489 -0.327378
-1.512330 -0.415672
-2.023320 0.220507
-1.828043 0.337753
-1.467176 -0.401381
-1.979623 -0.118479
-2.141892 0.168344
-0.299216 -0.034400
-1.919125 0.573983
-1.648067 1.051572
-1.989061 0.329964
-1.983296 0.879637
-0.899199 -0.474365
-0.605867 -0.020687
-1.420485 0.099385
-1.245106 -0.166476
-1.193139 0.559591
-0.973408 -0.413288
-2.037161 -0.007173
-1.618007 -0.426343
-1.722766 0.808912
-1.559037 -0.797618
-2.065083 0.243801
-1.957237 0.258590
-1.493139 -0.645697
-1.534342 -0.442712
-1.171707 -0.526330
-1.633285 0.152997
-1.448282 -0.687616
-1.641882 0.263803
-1.479626 0.222535
-1.347879 -0.306825
-1.162866 -0.370667
-1.272184 -0.540588
-1.681085 -0.617647
-1.651541 0.165566
-1.340327 -0.346955
-1.782618 0.427347
-1.666054 0.587497
-1.776527 0.318823
-1.118398 -0.244816
-1.685624 -0.210094
-1.924658 0.366110
-1.637045 -0.598600
-1.862510 0.017171
-1.009971 -0.375212
-1.259789 -0.250129
-1.409067 -0.566334
-1.256043 -0.633645
-1.045221 -0.729240
-1.533844 -0.323934
-1.978350 0.618235
-0.586421 -0.566298
-1.571040 -0.178684
-1.751899 0.045566
-2.013623 -0.007425
-0.936191 -0.620490
-1.899257 0.494211
-1.717429 0.465869
-1.890485 -0.018576
-1.687640 -0.418786
-1.617726 0.667777
-0.816216 -0.117194
-1.172263 -0.400740
-2.005938 0.100090
-1.064513 -0.093690
-1.353138 -0.025196
-1.576271 0.183850
-1.228948 0.239369
-1.473998 -0.233517
-2.017716 0.057680
-1.523282 -0.699136
-1.725088 -0.109006
-1.664905 -0.354012
-1.890446 0.736574
-1.360402 0.092468
-2.138138 0.307327
-1.959262 0.759619
-2.188350 0.467506
-1.783627 -0.463557
-1.751830 -0.487469
-1.386827 -0.830384
-1.828059 0.159639
-1.569673 -0.504747
-1.453141 -0.342958
-1.331708 -0.747025
-1.096135 -0.208969
-1.287913 -1.041727
-1.345902 0.276286
-1.366069 -0.742974
-1.665250 -0.096155
-2.062525 -0.100457
-1.674336 -0.519637
-1.276588 -0.808161
-1.888507 -0.399413
-1.213137 0.075197
-1.642244 -0.661048
-1.952664 0.098857
-1.765290 0.125926
-1.471747 -0.903574
-2.070243 -0.034579
-1.657828 -0.522361
-1.857882 0.105021
-1.129896 -0.235527
-1.736480 -0.069077
-1.581764 -0.024902
-1.408201 -0.473448
-1.537167 0.632403
-1.770620 0.125026
-1.930233 0.115028
-1.754595 0.402699
-1.839449 0.615855
-1.064392 0.116479
-2.112052 0.190090
-1.885982 0.168239
-1.630686 0.700607
-1.739051 0.799576
-1.649168 0.425183
-2.271151 0.014131
-1.903541 0.344032
-1.897227 0.110665
-2.094477 -0.540497
-1.727299 -0.094521
-1.984396 0.108662
-1.967919 -0.154507
-1.735564 0.276828
-1.883364 0.395278
-1.681489 0.394462
-1.721737 -0.491292
-1.448554 -0.604985
-1.579863 -0.041302
-1.044879 -0.194384
-1.361674 -0.516962
-1.330116 -0.312126
-1.825173 -0.133813
-1.737917 0.530997
-1.004729 -0.466151
-1.375798 -0.279278
-1.226424 -0.435636
-1.300255 -0.929160
-1.546127 -0.125808
-1.313771 -0.967014
-1.215348 -0.053740
-1.253941 -0.689502
-1.549872 -0.297117
-1.482939 -0.476209
-1.164746 0.339156
-1.622169 -0.330719
-1.798325 -0.316705
-1.420404 -0.212147
-1.784010 0.440228
-1.109377 -0.853197
-1.169061 0.539596
-1.288694 0.274593
-1.446523 -0.114525
-1.455303 -0.284182
-1.028310 -0.326560
-1.029561 -0.313555
-1.230201 -0.358833
-1.724063 -0.057590
-1.942908 0.478687
-1.477433 0.121318
-2.143780 0.256004
-1.760462 0.671574
-1.788016 0.277126
-1.783164 0.140978
-1.729400 0.231774
-1.845858 0.155322
-1.165622 -0.376376
-1.640928 -0.072116
-1.525627 -0.051130
-1.664782 -0.766821
-1.654324 0.748502
-1.760454 0.106659
-2.089427 -0.000909
-2.005624 0.337217
-1.911043 0.848083
-1.877464 0.133715
-1.312492 -0.677917
-1.778165 0.596677
-1.321184 -0.513243
-1.075169 -0.106213
-1.343816 0.074676
-1.553816 -0.669523
-0.974819 -0.364176
-1.087278 -0.740841
-1.300053 -0.650329
-1.302972 -0.928763
-1.338631 -0.707516
-1.213343 -0.240827
-1.625775 -0.580035
-1.337384 -0.633826
-0.961138 -0.500820
-1.561742 0.120682
-2.089072 0.080145
-1.224091 -0.833196
-1.632718 -0.552610
-1.653338 -0.706727
-1.306661 -0.666865
-1.717717 -0.515887
-1.780447 0.266055
-1.638857 -0.456994
-1.432177 -0.658190
-1.583906 0.096925
-1.217830 -0.471214
-1.874212 -0.074115
-1.646118 -0.472648
-1.169280 0.004808
-1.614074 -0.681762
-1.073618 -0.218360
-1.522152 -0.583752
-1.749660 0.061599
-1.215974 0.209574
-1.731040 -0.063168
-1.417053 -0.023793
-1.573638 -0.045608
-1.525997 -0.693339
-1.958544 0.429422
-1.855383 -0.137055
-2.235188 -0.188601
-1.855147 0.596360
-1.695413 -0.143133
-1.770328 0.425302
-1.716567 0.350281
-1.781706 0.197166
-1.948192 0.708837
-1.489454 0.312944
-1.447162 -0.357402
-2.029119 0.430517
-1.582816 -0.302866
-1.764822 -0.062920
-1.315871 -0.212974
-1.580900 0.597774
-1.466471 -0.753175
-1.218952 -0.277865
-1.850819 0.277133
-1.692149 -0.337885
-1.382251 0.172310
-1.299558 0.201664
-2.079656 0.350977
-1.652298 0.966090
-1.768761 -0.141294
-0.924139 -0.039452
-1.148048 -0.126722
-1.090410 -0.624364
-1.258896 -0.781272
-1.434124 -0.387132
-1.290199 -0.053111
-1.731076 0.181235
-1.165174 0.159565
-1.248493 -0.247451
-1.316804 -0.098022
-1.862105 0.412665
-1.868568 0.460711
-1.884665 0.817145
-1.583641 0.456280
-2.048269 0.210849
-1.449573 -0.421267
-1.982032 0.702768
-1.514011 0.125285
-1.388805 -0.498933
-1.349242 -0.219184
-1.676595 -0.171751
-1.433833 0.442750
-1.767222 0.357684
-1.558178 0.042545
-1.864199 0.573022
-1.508534 -0.233755
-1.709707 0.590360
-1.746988 -0.155606
-1.856091 0.009562
-1.748887 0.325012
-1.659262 0.290244
-1.690051 0.480941
-1.894593 -0.214496
-1.604107 -0.007749
-1.921935 0.261583
-1.703187 -0.294064
-1.853129 -0.476519
-1.873318 0.348509
-2.047296 -0.113739
-1.688489 0.870277
-1.229840 -0.684016
-1.440899 0.497643
-1.913204 0.421010
-1.223005 0.466002
-2.142384 0.346044
-1.414383 0.064788
-1.559815 -0.255746
-1.794476 0.019993
-1.649231 -0.280259
-1.792278 -0.460115
-2.108375 0.205144
-1.802414 -0.362326
-1.405658 -0.575843
-1.191281 -0.040534
-1.838102 0.105237
-2.051120 0.655288
-2.098366 0.338410
-1.980103 0.218140
-1.357918 -0.465762
-0.978262 -0.096992
-1.941404 0.044526
-1.604555 0.495948
-1.991295 0.432870
-1.699696 -0.262753
-1.189215 0.076302
-1.638208 -0.578273
-1.882023 -0.248977
-1.553792 0.804141
-1.747976 0.192573
-0.654582 0.390292
-1.452959 -0.754012
-1.905890 0.534473
-1.889074 0.094044
-1.903443 -0.298157
-1.626303 0.042687
-0.852306 0.104659
-1.519024 -0.200421
-1.121654 -0.399516
-0.991516 -0.385792
-1.862742 -0.146458
-1.927042 -0.555183
-1.809549 -0.095779
-2.263427 -0.085297
-1.621599 0.709089
-1.788544 0.293727
-1.946445 -0.047555
-1.561538 -0.043205
-1.924744 0.391386
-1.516740 -0.822674
-1.708369 0.615347
-0.902596 -0.083949
-1.220271 -0.477636
-1.053933 -0.912405
-1.231624 -0.308305
-1.293968 -0.226727
-1.217660 -0.086843
-1.248808 -0.139648
-1.325444 0.071182
-1.186829 -0.441140
-1.652442 -0.092674
-1.749756 0.770769
-1.420409 -0.350892
-2.221795 -0.364831
-1.690211 -0.294622
-1.680263 0.099609
-1.863296 -0.092774
-2.076916 0.165546
-2.188830 0.218146
-1.818119 0.574380
-1.547871 0.033595
-1.875989 0.020758
-1.840829 0.075713
-1.520407 0.430249
-1.726452 0.039628
-1.791069 -0.192848
-1.870816 0.425786
-1.955097 0.796539
-1.881399 0.626118
-1.562043 0.465422
-1.464123 -0.191005
-1.258733 0.003623
-1.510174 0.256867
-1.265829 -0.611528
-1.388245 -0.650503
-1.777762 0.424179
-1.508475 -0.189156
-1.082348 0.086510
-1.157847 -0.032349
-0.988618 -0.314502
-1.592256 0.331714
-1.446673 -0.803833
-1.853331 -0.161265
-1.420692 -0.224455
-1.754383 -0.865381
-1.798101 -0.324868
-1.501673 -0.019514
-1.896767 -0.007937
-1.432235 -0.100085
-1.450526 -0.154913
-1.774455 0.268752
-1.230419 -0.213259
-1.220437 -0.731910
-1.166753 -0.042804
-0.986179 0.298724
-1.395391 0.076185
-1.445104 -0.211160
-1.854161 -0.277750
-1.243903 0.371820
-1.186106 -0.520930
-0.631977 -0.813087
-1.641690 -0.286054
-1.511165 0.115931
-1.204834 -0.913762
-1.907266 0.532935
-1.442132 0.155525
-1.561837 0.108762
-1.561409 -0.177152
-1.465489 -0.393712
-1.789536 0.378333
-0.818065 -0.554311
-1.047054 -0.339655
-1.609694 -0.072552
-1.520128 -0.558847
-0.886513 -0.699902
-2.076562 -0.221426
-1.784422 0.372221
-1.185745 -0.631539
-0.856038 -0.174883
-1.431992 0.236110
-1.013164 0.123143
-0.954986 0.236944
-1.339709 -0.375852
-1.185705 0.159364
-1.413383 -0.185996
-1.687405 0.218491
-1.765946 -0.219302
-1.516497 -0.008193
-1.678423 -0.091787
-1.513563 -0.371762
-1.781907 0.577530
-1.664730 0.041492
-1.813667 0.582961
-2.039041 -0.698170
-1.221152 -0.491590
-1.219203 -0.489780
-1.138032 0.109781
-1.375069 -0.290919
-0.955705 -0.475054
-1.520507 -0.030568
-1.283400 -0.559522
-1.740710 0.023462
-1.854675 -0.547033
-1.446233 -0.296433
-1.440165 0.102114
-1.651402 0.299754
-1.704171 -0.093628
-1.383617 -0.526650
-1.548265 -0.228568
-1.621013 -0.258832
-1.892515 0.240572
-0.583746 -0.232520
-1.713448 0.248546
-1.133059 -0.445662
-0.663591 -0.333899
-1.076861 -0.250940
-0.698046 -0.485180
-2.079395 -0.195439
-1.436654 -0.697057
-1.431662 -0.086257
-1.691932 0.148661
-1.385552 -0.501932
-2.002036 0.085352
-1.533426 0.553416
-1.181110 -0.313075
-1.850496 0.031448
-1.885008 0.192878
-1.272231 0.057172
-1.132848 0.314899
-1.375377 -0.062045
-1.153194 -0.975742
-0.906514 -0.006098
-0.280723 -0.150915
-0.129491 0.346126
-0.901781 -0.331409
-1.347356 -0.229635
-1.634890 0.275736
-1.814849 -0.159182
-1.304600 -0.195033
-1.647434 -0.129740
-1.578467 -0.466365
-1.255578 0.360765
-0.809844 -0.204788
-0.892944 0.156256
-0.238776 0.139686
-1.349344 0.056435
-1.392736 0.109878
-1.424212 -0.142767
-1.388343 0.171616
-0.348651 0.252379
-1.773966 0.109469
-1.009341 -0.693588
-1.864663 -0.200903
-0.235628 -0.325411
-1.524337 0.025077
-1.731409 0.134664
-0.867880 0.106166
-1.690971 0.015440
-0.725080 -0.466556
-1.500139 0.081457
-0.855092 -0.431064
-1.139950 -0.659576
-1.606182 0.052869
-0.416749 0.067130
0.346016 -0.362240
-0.344583 0.249547
-1.432821 0.424734
-0.534699 0.302228
-1.965961 -0.354466
-0.969888 -0.249705
-1.490879 0.059355
-1.663398 0.067021
-0.948675 0.119217
-0.648100 -0.344829
-0.659908 -0.461147
-1.313071 0.104230
-0.364771 -0.174439
-1.459250 0.900578
-0.364378 -0.230781
-1.370113 -0.300197
-1.680272 -0.048823
-1.097562 -0.549881
-1.383221 0.377079
-0.390744 0.021699
-0.822549 0.005138
-1.384556 0.598560
-0.958115 0.018975
-0.293606 -0.212599
0.046909 -0.320059
-0.757897 -0.215079
-0.262194 0.331679
-2.219196 0.603139
-2.265768 0.067871
-1.745218 -0.187360
-1.533560 0.591570
-0.803707 -0.533688
-1.618717 0.613901
-0.264896 0.104128
-0.478682 -0.320420
-1.940786 0.491272
-1.189021 -0.139360
-1.751324 -0.201303
-1.464961 0.260088
-1.653022 0.436654
-1.346908 -0.093900
-1.875763 0.232949
-1.244311 -0.154748
-1.241727 -0.348292
-1.158841 -0.350885
-1.725185 0.041402
-1.516264 0.669890
-1.377650 0.002105
-2.021221 0.190190
-1.549289 -0.648275
-0.922786 -0.086845
-1.322306 -0.329334
-1.100455 -0.490073
-1.156279 -0.565310
-1.497161 0.153779
-1.408170 0.596438
-2.014421 0.275519
-1.589769 0.515131
-2.075350 0.732513
-1.158178 -0.331060
-1.765810 0.024611
-1.692055 0.503936
-1.317527 0.366408
-1.423838 0.227323
-1.743426 0.489284
-1.835619 0.067906
-1.780483 -0.155912
-1.187378 -0.302230
-0.565875 0.110347
-1.509202 -0.353299
-1.500137 0.051985
-1.343589 0.598836
-0.868142 0.599571
-1.361262 -0.354503
-0.786518 -0.327467
-1.192825 -0.414045
-1.200954 -0.051851
-1.134450 0.091531
-1.874447 0.024853
-1.240451 -0.273086
-0.747110 -0.193476
-1.769961 0.143580
-1.388611 0.235057
-1.377843 0.141000
-1.273000 -0.185670
-1.433748 0.236871
-1.693465 -0.348375
-1.624652 -0.177216
-1.901794 0.556728
-1.341813 -0.802592
-1.055415 -0.126062
-1.775945 -0.331874
-0.568297 -0.207416
-0.721520 -0.262771
-1.697051 0.551020
-1.513379 0.219252
-1.189650 -0.392191
-1.146630 -0.065613
-1.371760 0.084827
-1.625363 -0.042209
-1.472380 -0.250219
-1.411004 -0.388832
-1.351605 -0.252733
-1.716474 0.053944
-1.321982 -0.369195
-1.714382 0.504512
-1.619432 -0.725856
-0.901448 -0.171519
-1.966375 -0.005056
-2.415103 0.181810
-2.032554 0.347475
-1.965594 0.335233
-1.539080 0.330976
-0.524228 -0.164513
-1.509142 0.386779
-1.204099 -0.007830
-2.025757 -0.181001
-0.771861 0.512036
-1.316026 0.268595
-1.886990 0.026608
-1.048128 0.057100
-0.926252 0.126327
-1.893181 0.576155
-1.978044 -0.008195
-1.250677 0.494046
-1.350696 -0.034321
-2.142924 0.054978
-2.137027 -0.605992
-1.805785 -0.154958
-1.391566 -0.786847
-1.395629 -0.141439
-1.239093 -0.511918
-1.376600 -0.292683
-1.931551 0.226902
-1.631567 0.163849
-1.601353 0.535161
-0.902104 0.288337
-1.111179 -0.623553
-1.531388 -0.069118
-1.528454 0.063191
-1.196823 -0.614647
-1.263436 -0.113433
-1.397579 0.496815
-1.674929 -0.192824
-1.448423 -0.173228
-1.829419 -0.100087
-0.620650 -0.334526
-1.150568 0.421703
-1.682376 0.296491
-1.140799 0.009798
-1.498005 0.352824
-1.370986 0.205265
-1.218949 -0.254927
-0.578106 -0.170612
-0.325120 0.152827
-1.928394 0.345487
-1.331443 0.267737
-1.281426 0.572896
-1.251225 -0.349738
-1.905508 0.354410
-2.018311 0.424818
-1.594680 0.389945
-0.642111 0.258298
-1.374963 -0.400351
-1.476039 -0.343729
-1.386360 -0.164018
-1.997629 0.161129
-1.176579 0.022593
-1.096670 -0.117364
-0.871162 -0.413618
-0.890416 0.616400
-1.704260 0.292387
-2.022735 0.924575
-0.987358 -0.091233
-1.726328 0.175403
-1.418688 0.570678
-2.042208 -0.208909
-1.391332 -0.516478
-1.480448 -0.537404
-1.205281 -0.624638
-0.779034 -0.664932
-1.421488 -0.304554
-1.405714 0.180485
-1.358334 0.452899
-2.140614 0.239498
-1.379822 0.197207
-1.392809 -0.097902
-1.165306 0.020036
-1.250572 0.114517
-1.718928 0.406964
-1.063611 0.250377
-1.702450 -0.307860
-0.907682 0.230160
-1.506530 -0.061760
-1.143783 0.050527
-1.675277 0.469690
-1.662609 0.640096
-1.930481 0.503497
-1.610322 0.005245
-0.812859 -0.418146
-1.435893 -0.299385
-1.534347 0.116092
-1.389480 -0.265123
-0.889174 -0.511030
-1.461890 -0.347624
-1.433764 -0.240482
-0.035661 0.011209
-1.461386 -0.025445
-0.362890 -0.486533
-0.778054 0.199254
-1.497148 0.228426
-1.011759 0.591985
-1.108521 0.020555
-1.669329 -0.090229
-1.374129 0.031979
-1.643004 0.171519
-0.803561 -0.221588
-0.228483 0.220321
-2.039618 0.790986
-0.425384 0.193019
-1.506789 0.043336
-0.374753 0.051367
-0.395401 0.232112
-0.455140 -0.163549
-0.130103 -0.137875
-0.052355 -0.104176
-0.231269 -0.167257
-0.370378 0.550798
-0.088470 0.482309
-0.404893 0.202310
-0.212521 -0.037882
-0.316340 0.094542
-0.483448 -0.085544
-1.229802 0.367422
-0.077502 -0.260557
-0.343430 0.053533
-0.354902 0.439766
-0.747999 0.180267
-1.155444 0.188808
0.031710 -0.138404
0.161025 -0.519002
-0.190645 0.013765
-0.371787 0.150849
-0.239049 0.027813
-0.049437 -0.257649
-1.488459 0.282835
-0.641676 -0.710378
-0.082077 -0.384072
-1.013858 -0.356512
-1.863851 0.078932
-1.195279 0.060506
-1.813793 0.293029
-1.894071 0.635610
-1.244208 0.934146
-1.903988 -0.262154
-0.584142 -0.046910
-0.636489 0.134944
-1.556301 0.655017
-1.351384 -0.001306
-1.683204 0.094980
-1.893278 0.538671
-0.353249 0.555043
-1.569161 0.227182
-1.285330 0.006170
-1.387782 -0.117262
-1.573311 -0.654712
-0.791491 -0.103342
-1.697902 -0.015163
-1.114952 -0.422921
-0.805739 -0.274080
-0.917189 -0.229123
-1.283877 -0.138003
-1.793157 -0.366519
-0.934215 -0.733912
-0.870763 0.426972
-1.597235 0.172788
-1.550571 -0.108839
-1.167306 -0.120878
-0.335685 -0.038382
-1.216549 -0.153945
-1.547607 -0.677330
-0.219099 -0.343381
-1.250849 -0.641556
-1.963576 0.020740
-0.548908 -0.116157
-0.987304 0.151634
-0.296595 -0.770248
-1.034497 -0.193250
-1.642033 0.281240
-1.702785 0.764812
-0.943716 0.651450
-1.592279 0.529749
-1.132524 -0.049156
-0.976301 0.291748
-0.474408 0.549501
-0.913220 0.025848
-1.489780 0.098523
-1.178098 0.235189
-0.974347 -0.256929
-2.121614 0.440573
-1.225902 0.310831
-0.904626 0.402852
-2.236031 -0.019011
-2.079701 -0.127219
-0.674600 -0.042576
-1.370491 0.281856
-1.627811 0.171715
-1.258181 0.058315
-0.505763 0.484356
-1.091567 0.291241
-1.435917 -0.184063
-1.596426 0.638859
-0.577391 0.372336
-1.135109 0.506613
-0.130826 0.038666
-0.789253 -0.297845
-1.661892 0.078494
-1.051519 -0.548876
-1.517860 -0.078626
-0.124981 0.430648
-0.670046 0.364982
-0.284128 -0.242120
-0.987584 -0.572543
-0.822605 -0.065875
-1.835873 -0.485627
-0.959101 0.232551
-0.586211 -0.082767
-0.923925 -0.333277
-0.997618 0.002893
-0.597987 -0.559449
-1.202987 -0.147139
-0.454251 0.210996
-1.096870 -0.224999
-0.905352 0.282711
-1.418786 0.019936
-1.194656 -0.037484
-0.615515 0.423446
-0.990890 0.351547
-0.200862 -0.376970
-1.074879 -0.356581
-0.661471 -0.393819
-1.244795 0.112049
-0.920495 0.534368
0.240051 0.144722
